[gd_scene load_steps=10 format=2]

[ext_resource path="res://clouds/CloudVolumeRenderer.gdshader" type="Shader" id=1]
[ext_resource path="res://clouds/CloudVolume.gd" type="Script" id=2]
[ext_resource path="res://clouds/CloudNoiseCreationV2.gd" type="Script" id=3]

[sub_resource type="PlaneMesh" id=1]

[sub_resource type="SpatialMaterial" id=2]

[sub_resource type="CubeMesh" id=3]

[sub_resource type="ShaderMaterial" id=4]
shader = ExtResource( 1 )
shader_param/boundMin = null
shader_param/boundMax = null

[sub_resource type="Image" id=5]
data = {
"data": PoolByteArray( 20, 132, 0, 204, 163, 0, 51, 142, 0, 30, 20, 0, 234, 81, 0, 51, 132, 0, 234, 163, 0, 153, 81, 0, 173, 214, 0, 81, 81, 0, 224, 204, 0, 102, 112, 0, 183, 81, 0, 204, 214, 0, 122, 71, 0, 122, 71, 0, 224, 40, 0, 122, 122, 0, 122, 193, 0, 153, 71, 0, 153, 71, 0, 244, 234, 0, 204, 214, 0, 81, 173, 0, 214, 61, 0, 112, 234, 0, 20, 234, 0, 234, 214, 0, 224, 71, 0, 51, 30, 0, 132, 173, 0, 142, 234, 0, 61, 173, 0, 0, 71, 0, 81, 30, 0, 20, 163, 0, 204, 193, 0, 51, 173, 0, 30, 51, 0, 234, 112, 0, 51, 163, 0, 234, 193, 0, 153, 112, 0, 173, 244, 0, 81, 112, 0, 224, 234, 0, 102, 142, 0, 183, 112, 0, 204, 244, 0 ),
"format": "RGB8",
"height": 7,
"mipmaps": false,
"width": 7
}

[sub_resource type="ImageTexture" id=6]
image = SubResource( 5 )
size = Vector2( 7, 7 )

[node name="Spatial" type="Spatial"]

[node name="Camera" type="Camera" parent="."]
transform = Transform( 1, 0, 0, 0, 0.932242, 0.361836, 0, -0.361836, 0.932242, 0.0645151, 2.91598, 5.2705 )

[node name="DirectionalLight" type="DirectionalLight" parent="."]
transform = Transform( 0.43577, 0.718483, -0.542113, -0.0508906, 0.621014, 0.782146, 0.898618, -0.313248, 0.307183, -4.53003, 2.29896, 0 )
light_color = Color( 0.490196, 0.509804, 0.592157, 1 )
shadow_enabled = true

[node name="CSGBox" type="CSGBox" parent="."]
transform = Transform( 0.771991, 0, -0.635634, 0, 1, 0, 0.635634, 0, 0.771991, 0, 1.03751, 0 )

[node name="Plane" type="MeshInstance" parent="."]
transform = Transform( 5.43932, 0, 0, 0, 1, 0, 0, 0, 5.43932, 0.379786, 0, -0.477826 )
mesh = SubResource( 1 )
material/0 = SubResource( 2 )

[node name="CloudNoiseCreator" type="Control" parent="."]
margin_right = 40.0
margin_bottom = 40.0
script = ExtResource( 3 )
RUN_IN_EDITOR = true
IMAGE_SIZE_PIXELS = 128
SLICE = 1.0
PERSISTENCE = 1.0
R_POINTS_PER_AXIS = 5
R_INTENSITY_MULTIPLIER = 1.1
G_POINTS_PER_AXIS = 6
G_INTENSITY_MULTIPLIER = 0.7
B_POINTS_PER_AXIS = 8
B_INTENSITY_MULTIPLIER = 0.7

[node name="CloudVolume" type="MeshInstance" parent="CloudNoiseCreator"]
transform = Transform( 1.98182, 0, 0, 0, 1, 0, 0, 0, 1.98182, 0, 0.955788, 0 )
mesh = SubResource( 3 )
skeleton = NodePath("../..")
material/0 = SubResource( 4 )
script = ExtResource( 2 )

[node name="TextureVisualizer" type="TextureRect" parent="CloudNoiseCreator"]
margin_right = 40.0
margin_bottom = 40.0
texture = SubResource( 6 )
expand = true
